42.41079906732868 -83.497932929617
42.41056093894755 -83.49813822340171
42.41090410756287 -83.49775809069617
42.41028699625693 -83.49791831561531
42.41099264586635 -83.49802978702917
42.410724392218285 -83.4977144145274
42.41017744757014 -83.49799232880109
42.41065159603668 -83.49824059953131
42.41096102770094 -83.49781154772971
42.4104120839898 -83.49774420908479
42.41087109321958 -83.49816162355435
42.410489320394674 -83.49766223170364
42.410215197706286 -83.49809905751172
42.41104378903976 -83.49788839531587
42.41067085143048 -83.49778688210908
42.41034416927085 -83.49823804958602
42.41092898418942 -83.49766741686075
42.41026577654264 -83.49802777869728
42.41082639432484 -83.49808536809964
42.41058266187392 -83.4978705544669
