mine 0 6.0338 2 0.3365244795636433 0.7023750899674056 0.38972737382097944 0.7664598242028967
mine 0 6.0338 2 0.2019019150152439 0.28609927288897624 0.2539069943311738 0.3540561230151684
mine 0 6.0338 2 0.5412271639195884 0.5719087774103339 0.5926407232517149 0.6366310119628906
mine 0 6.0338 2 0.320710903260766 0.2716911365459492 0.3723645838295541 0.34320199644410765
mine 0 6.0338 2 0.6576832096751143 0.23088725201495283 0.7098009807307546 0.2979071976302506
mine 0 5.0338 2 0.17037623335675495 0.5350094089260349 0.21973074936285253 0.600351011598265
mine 0 5.0338 2 0.3382358085818407 0.19673268206707842 0.3913617762123666 0.2628206525530134
mine 0 5.0338 2 0.3666388907083651 0.5836635440975041 0.41182377512862045 0.6491563474977171
mine 0 5.0338 2 0.5468490228420351 0.07816336990950944 0.5958458505025724 0.1407119082166003
mine 0 5.0338 2 0.1442737579345703 0.666374008376877 0.19213268000905107 0.7316296069653003
mine 0 5.0338 2 0.47822574522437117 0.8497756363509538 0.527582978039253 0.9159218924386161
mine 0 3.0338 2 0.5199359056426258 0.4842193405349533 0.5671720179115853 0.5530025928051441
mine 0 2.0338 2 0.5186233520507812 0.0031229257583618164 0.5699784069526487 0.06421455160363929
mine 0 2.0338 2 0.7085001875714558 0.6868616079355215 0.7630802061499619 0.7502222928133878
mine 0 2.0338 2 0.44672096066358613 0.18554528967126624 0.4980054529701791 0.2512807969923143
mine -0.5 2.0338 2 0.8910377316358613 0.6902774959415584 0.9455650515672637 0.7555674763468953
mine -0.5 2.0338 2 0.4466810645126715 0.39065524509974886 0.504671943478468 0.461278147511668
mine -0.5 2.0338 2 0.01375798481266673 0.7390620244013799 0.07631704749130622 0.8170274511560217
mine -0.5 2.0338 2 0.5409661269769436 0.1366359785005644 0.5963902171065167 0.21169707062956575
mine -0.5 3.0338 2 0.7070121206888338 0.48044388015548906 0.7570241044207318 0.551783326384309
mine -0.5 3.0338 2 0.4583930410989901 0.8606909219320719 0.5097567302424734 0.9320651958515118
mine -0.5 3.0338 2 0.08865699768066407 0.15066721532251928 0.14419085805009052 0.21861789752910663
mine -0.5 3.0338 2 0.542034912109375 0.6399019910143567 0.59530256317883 0.7099735210468243
mine -0.5 3.0338 2 0.3695095527462843 0.019085049629211426 0.42748759199933306 0.08862840355216682
mine -0.5 4.0338 2 0.6674926013481326 0.35716470495446934 0.7179270674542683 0.42444516466809556
mine -0.5 4.0338 2 0.37897584496474845 0.5164617067807681 0.43636437392816313 0.5834864331530286
mine -0.5 4.0338 2 0.3255119137647675 0.1634980362731141 0.3765306054092035 0.23127201625279017
mine -0.5 4.0338 2 0.091248098233851 0.6510928760875355 0.14594012934987138 0.7177780448616325
mine -0.5 5.0338 2 0.5247689968202173 0.1979091198413403 0.5804920475657394 0.2680765127206778
mine -0.5 5.0338 2 0.3272759042135099 0.6594946725027901 0.3741149158012576 0.7230333105310217
mine -0.5 5.0338 2 0.5533209823980564 0.5798052998332234 0.5989576758407965 0.64919122472986
mine -0.5 5.0338 2 0.5397074629620808 0.35585784912109375 0.5956890199242568 0.4225370233709162
mine -0.5 5.0338 2 0.6670621546303354 0.8500954764229911 0.7189208984375 0.9209706690404322
mine -0.5 5.0338 2 0.34810370468511814 0.5292160727761008 0.39573803413205033 0.5966997518167867
mine -0.5 6.0338 2 0.39178243497522863 0.29016110804173856 0.4428378965796494 0.35793314351663963
mine -0.5 6.0338 2 0.5240507916706364 0.6948986301174411 0.5761403897913491 0.7621450548048143
mine -0.5 6.0338 2 0.7326707049113949 0.5717126425210531 0.7827624809451219 0.6361831070540788
mine -0.5 6.0338 2 0.04854945206060642 0.23892888155850497 0.10187318383193597 0.3111757550920759
mine -0.5 6.0338 2 0.50100551698266 0.27463858468191965 0.5506798348775724 0.3456107052889737
mine -1 6.0338 2 0.70907749082984 0.6951262238737824 0.7666249344988567 0.767932297347428
mine -1 6.0338 2 0.5755995587604802 0.2824786545394303 0.6354465391577744 0.3604848539674437
mine -1 6.0338 2 0.1350177113602801 0.49394483690137986 0.20374299956531058 0.5789414938394125
mine -1 6.0338 2 0.23319369060237233 0.2376287386014864 0.29191637736995046 0.3191641274984781
mine -1 6.0338 2 0.6855747129858993 0.2719287872314453 0.739497040539253 0.3476718060382001
mine -1 6.0338 2 0.9129560517101754 0.5702510685115666 0.9710683683069741 0.6403400371601056
mine -1 5.0338 2 0.7130400866996951 0.19332834962126497 0.769480040015244 0.2670875152984223
mine -1 5.0338 2 0.4457109404773247 0.4000907006201806 0.5032508291849276 0.47135132628601867
mine -1 5.0338 2 0.5111545097537157 0.6628643878094562 0.5653836134003429 0.7352625859248174
mine -1 5.0338 2 0.854981659679878 0.8456772643250304 0.9087460401581555 0.919579047661323
mine -1 5.0338 2 0.7238322932545732 0.3540182237501268 0.7848644721798781 0.4249087246981534
mine -1 5.0338 2 0.5330902099609375 0.5306954321923194 0.585438798113567 0.6012599003779424
mine -1 5.0338 2 0.12984684269602706 0.014441711562020438 0.19569140178401295 0.09696460079837155
mine -1 4.0338 2 0.26938223489900914 0.6491261271687297 0.3290509479801829 0.7219690595354352
mine -1 4.0338 2 0.8546956876429116 0.3458008951955027 0.91021728515625 0.4201612596387987
mine -1 4.0338 2 0.5565229462414253 0.5126171855183391 0.6162852961842606 0.5850513012378247
mine -1 4.0338 2 0.509864844345465 0.15986224583217076 0.5679474249118712 0.2382625728458553
mine -1 3.0338 2 0.27803355891530107 0.14715816448261212 0.3332586893221227 0.22004917689732142
mine -1 3.0338 2 0.5559372692573361 0.01730971522145457 0.6182160168159299 0.0924156733921596
mine -1 3.0338 2 0.6434715457078887 0.8533714591682732 0.7014940959651296 0.9320087185153714
mine -1 3.0338 2 0.885584091558689 0.4812766236144227 0.9434809987137958 0.5554999809760552
mine -1 2.0338 2 0.19963075591296683 0.7369934676529525 0.2588905892721037 0.8126840962992086
mine -1 2.0338 2 0.6400387647675305 0.37429103603610747 0.6982629543397485 0.45158044393960534
mine -1.5 2.0338 2 0.014756972615311786 0.4764004496784953 0.07338735533923638 0.5520131495091822
mine -1.5 2.0338 2 0.13793534069526486 0.699514017476664 0.19771464278058307 0.7744057395241477
mine -1.5 2.0338 2 0.3814168790491616 0.7373331738756849 0.44433176924542683 0.8109717431006493
mine -1.5 2.0338 2 0.01781921503020496 0.2630074488652217 0.07309396790295113 0.3353636357691381
mine -1.5 2.0338 2 0.8210873487519055 0.38633879128988685 0.882506133288872 0.45920840176669037
mine -1.5 2.0338 2 0.4935455322265625 0.9100421063311688 0.5556299349156821 0.9896981375558036
mine -1.5 2.0338 2 0.9141055967749618 0.132206409008472 0.9729007627905869 0.21131503117548955
mine -1.5 3.0338 2 0.4576823909108232 0.15042911876331677 0.5158350502572409 0.22527739289519075
mine -1.5 3.0338 2 0.020489180960306306 0.7677238761604607 0.07504427840070027 0.8410691100281554
mine -1.5 3.0338 2 0.8284537710794588 0.8570330731280438 0.8871483035203888 0.9377899169921875
mine -1.5 3.0338 2 0.7482435272961128 0.015456774018027565 0.8086210669540778 0.09237823857889547
mine -1.5 3.0338 2 0.9057858350800305 0.621840340750558 0.966122138790968 0.7055151803152901
mine -1.5 4.0338 2 0.45256567233946265 0.6487551602450284 0.5132520350014291 0.7239249093191964
mine -1.5 4.0338 2 0.8447544749190168 0.06972413868099064 0.9038642697217988 0.15009508504495991
mine -1.5 4.0338 2 0.7416756234517912 0.5101163294408229 0.8033783703315549 0.5857138200239702
mine -1.5 4.0338 2 0.6976108457983994 0.15975076502019708 0.7573095554258765 0.2381674778925908
mine -1.5 5.0338 2 0.8956551900724086 0.19279772275454038 0.9521298292206555 0.2647572306843547
mine -1.5 5.0338 2 0.9029225419207317 0.35261783352145903 0.9631236750905107 0.425919619473544
mine -1.5 5.0338 2 0.8446245146960747 0.5571574917087307 0.9022532393292683 0.6333553760082691
mine -1.5 5.0338 2 0.46286234041539637 0.37033613626059 0.5187108853968179 0.44819824416916093
mine -1.5 5.0338 2 0.7208053216701601 0.5274387210994572 0.7735749035346798 0.5987998169737977
mine -1.5 6.0338 2 0.8967384896627286 0.6956302593280743 0.9506062577410442 0.7656299541522931
mine -1.5 6.0338 2 0.7676299304496951 0.28516437480976053 0.8265694967130336 0.36222160636604606
mine -1.5 6.0338 2 0.32457018596370046 0.4967869349888393 0.39113754644626525 0.5808727214862774
mine -1.5 6.0338 2 0.4125687389838986 0.23648584043824827 0.47359626583936737 0.3180543230725573
mine -1.5 6.0338 2 0.8728840153391768 0.26397551499403915 0.9287366169254955 0.34273231803596793
mine -2 6.0338 2 0.6105954053925304 0.23857666610123276 0.6657683581840701 0.31840403668292155
mine -2 6.0338 2 0.5258971051471989 0.49925043675806613 0.5858829777415205 0.5776635702554281
mine -2 5.0338 2 0.5088499860065739 0.011701474716136981 0.5782796720179116 0.09450511189250203
mine -2 5.0338 2 0.9064658560403963 0.5285986367758219 0.9621866365758384 0.6002591616147525
mine -2 4.0338 2 0.6449592404249238 0.6500490857409192 0.7034636706840701 0.7240568879362824
mine -2 4.0338 2 0.9293672887290396 0.5129981102881493 0.9917482701743522 0.5882077402882762
mine -2 3.0338 2 0.6473940965605945 0.15078659800740032 0.7043773371998857 0.224292482648577
mine -2 3.0338 2 0.20661189381669207 0.7635196339000355 0.2589733775069074 0.8348086468585125
mine -2 3.0338 2 0.4668213262790587 0.5792570733404779 0.5225844964748476 0.6552025435806869
mine -2 3.0338 2 0.9322961574647485 0.017476382193627297 0.9948949302115091 0.09582164070822975
mine -2 2.0338 2 0.1088147512296351 0.7709908918900923 0.1681702962735804 0.8386297845221186
mine -2 2.0338 2 0.5709518432617188 0.7370575248421013 0.6303879900676448 0.8099084333939985
mine -2 2.0338 2 0.3328260096108041 0.47159853848544037 0.3924989281631098 0.539565742789925
mine -2 2.0338 2 0.19578810901176638 0.47453228839032063 0.25166923709032013 0.5505043624283431
mine -2 2.0338 2 0.20657815700624046 0.26016713427258775 0.2589739171470084 0.33486041774997466
mine -2 2.0338 2 0.4724602676019436 0.08080253353366604 0.5235042665062881 0.1527633171576958
mine -2 2.0338 2 0.3106791426495808 0.6979262116667512 0.36975592636480564 0.7753257751464844
mine -2 2.0338 2 0.4317537261218559 0.8542840140206474 0.4905968642816311 0.9244098415622464
mine -2 2.0338 2 0.681403183355564 0.9096032675210531 0.7428303788347942 0.9896092600636668
mine -2 2.0338 2 0.10462039854468369 0.4946204841911019 0.1598789122046494 0.5682595488312957
mine -2.5 2.0338 2 0.761140106945503 0.7433473661348418 0.8165126149247333 0.8145591438590706
mine -2.5 2.0338 2 0.3829427207388529 0.4744517338740361 0.43833275771722563 0.5443368391557173
mine -2.5 2.0338 2 0.2910583123928163 0.7712497958889255 0.3479309826362424 0.8360663079596186
mine -2.5 2.0338 2 0.39246260480182926 0.2594885392622514 0.4432273306497713 0.3331739499971464
mine -2.5 2.0338 2 0.5213047306712081 0.4740364768288352 0.5795857871451029 0.5376986218737317
mine -2.5 2.0338 2 0.6212116148413681 0.8521336146763393 0.6774947003620427 0.9215006642527395
mine -2.5 2.0338 2 0.2907565977515244 0.5011424770602932 0.34033765095036206 0.5659523505669135
mine -2.5 2.0338 2 0.501616947825362 0.7001927858823306 0.5632366273461319 0.7739146839488636
mine -2.5 3.0338 2 0.8301832989948552 0.1481909937672801 0.8879519578887195 0.22013426446295403
mine -2.5 3.0338 2 0.39270469851610135 0.7657438996550324 0.4446869640815549 0.8380783873719054
mine -2.5 3.0338 2 0.6579896508193598 0.5801461455109832 0.7110567418540397 0.6527094159807477
mine -2.5 3.0338 2 0.5302109136814024 0.8606011526925224 0.5848925334651296 0.9357646595348011
mine -2.5 4.0338 2 0.82589111328125 0.6495540668438007 0.8862439411442454 0.7204137034230418
mine -2.5 6.0338 2 0.7995748380335366 0.24689320155552455 0.8515084615567835 0.3184970013507001
