mine 0 5.0338 0.5136257636837843 0.017177741248886307
mine 0 5.0338 0.260940793665444 0.4252841008173955
mine 0 5.0338 0.4155148389862805 0.5197685043533127
mine 0 5.0338 0.39523773193359374 0.20004189478886591
mine 0 5.0338 0.561515175423971 0.8922101305676745
mine 0 4.0338 0.8186277063881479 0.7757818048650568
mine 0 4.0338 0.7988794094178735 0.48028078946200287
mine 0 4.0338 0.38670751059927594 0.73497470013507
mine 0 4.0338 0.6679277373523247 0.6919436764407467
mine 0 4.0338 0.3670415738733803 0.3019541950968953
mine 0 4.0338 0.9144039247094131 0.2669027006471312
mine 0 4.0338 0.36920299995236283 0.2846028959596312
mine 0 3.0338 0.5599172824766577 0.7258510837307224
mine 0 3.0338 0.14627766492890149 0.4896514694412033
mine 0 3.0338 0.16716074129430258 0.11064026572487572
mine 0 3.0338 0.005699223425330185 0.7312525464342786
mine 0 2.0338 0.8072610250333461 0.4507300141569856
mine 0 2.0338 0.7936888159775153 0.024619192272037654
mine -0.5 2.0338 0.42073018143816693 0.23841555706866377
mine -0.5 2.0338 0.26139005335365856 0.14640663196514178
mine -0.5 2.0338 0.556347544600324 0.6471683452655743
mine -0.5 2.0338 0.2298948520567359 0.7284161456219562
mine -0.5 2.0338 0.33196050132193217 0.768835736559583
mine -0.5 3.0338 0.11945752399723704 0.015318920085956525
mine -0.5 3.0338 0.034078891102860616 0.512014711057985
mine -0.5 3.0338 0.004556376759598895 0.2087695381858132
mine -0.5 5.0338 0.034540690445318455 0.23309799293418984
mine -0.5 5.0338 0.1652209956471513 0.6459113777457893
mine -0.5 6.0338 0.3940524961890244 0.4509287252054586
mine -0.5 6.0338 0.3717227098418445 0.027858117958167932
mine -0.5 6.0338 0.8158861858088796 0.5148773193359375
mine -0.5 6.0338 0.6657309927591464 0.4257080771706321
mine -0.5 6.0338 0.8025671982183689 0.1942648949561181
mine -0.5 6.0338 0.9226521561785442 0.009631160017731902
mine -1 6.0338 0.8051189887814405 0.7308062268542005
mine -1 6.0338 0.8862060546875 0.655967514236252
mine -1 5.0338 0.5592783858136433 0.11031045542134867
mine -1 5.0338 0.3894818933998666 0.7365847005472554
mine -1 5.0338 0.22834457769626523 0.18202491859336953
mine -1 5.0338 0.3360741219869474 0.22583954055587968
mine -1 5.0338 0.5520161698504192 0.4879679989505124
mine -1 4.0338 0.6714559415491616 0.14568684317848898
mine -1 4.0338 0.8205413074028202 0.2408760368049919
mine -1 4.0338 0.39191611685403965 0.1826313811463195
mine -1 4.0338 0.6300027986852134 0.7217204106318487
mine -1 3.0338 0.8033867812738186 0.45845487520292205
mine -1.5 2.0338 0.5608854340343941 0.4347961227615158
mine -1.5 3.0338 0.5136116213914824 0.2725235579849838
mine -1.5 3.0338 0.39540226633955794 0.4829043598918172
mine -1.5 3.0338 0.4196031151748285 0.7728811982390168
mine -1.5 3.0338 0.2644294552686738 0.6930809020996094
mine -1.5 4.0338 0.5603165045017149 0.699829745602298
mine -1.5 5.0338 0.5714360306902629 0.45314882947252944
mine -1.5 5.0338 0.14645552286287633 0.21832654383275416
mine -1.5 5.0338 0.005603790283203125 0.47394720300451504
mine -2 6.0338 0.4208768146794017 0.004362712432811787
mine -2 6.0338 0.2284692717761528 0.4465318655038809
mine -2 6.0338 0.5524965984065359 0.7640295152540331
mine -2 6.0338 0.3397389853872904 0.4959194629223316
mine -2 6.0338 0.5575382139624618 0.3661478463705484
mine -2 6.0338 0.5344045871641577 0.6094943950702618
mine -2 4.0338 0.8217720589986661 0.004092430139516855
mine -2 4.0338 0.629451249285442 0.4483578174145191
mine -2 4.0338 0.16496459216606327 0.6956052904005174
mine -2 4.0338 0.749392402462843 0.48664291183669844
mine -2 3.0338 0.8011952469988567 0.7347048474596692
mine -2 3.0338 0.6288457358755717 0.18215281003481382
mine -2 3.0338 0.16245654966773057 0.4287872314453125
mine -2 2.0338 0.005820216202154392 0.48375424471768463
mine -2 2.0338 0.12178890879561262 0.2740689067097453
mine -2 2.0338 0.039501013406893104 0.7688884982815036
mine -2.5 2.0338 0.5642086866425304 0.15749689820524934
mine -2.5 3.0338 0.8958532565977515 0.10844651754800376
mine -2.5 3.0338 0.8085941965987042 0.16590750062620485
mine -2.5 4.0338 0.1685311852431879 0.45290533288732754
mine -2.5 5.0338 0.14680862426757812 0.7674630895837561
mine -2.5 5.0338 0.021686749342011244 0.0023259868869533787
mine -2.5 5.0338 0.1357587860851753 0.6061244815975041
mine -2.5 5.0338 0.16662841424709413 0.3657140112542487
mine -2.5 6.0338 0.16483011013124046 0.7297926072950487
mine -3 6.0338 0.3923485732660061 0.4764771399559913
mine -3 6.0338 0.5511867988400343 0.2218197909268466
